pop2022
125584.8380
23888.5950
5943.5460
7604.2990
1448471.4000
51329.8990
9432.8000
5554.9600
38.3870
17211.4470
83883.5960
1321.9100
642.3710
667.4900
17168.6390
38388.4190
8773.6370
9606.2590
26068.7920
68497.9070
56.9730
25990.6790
2078.0340
4898.2030
9066.7100
345.3930
5834.9500
11668.2780
334805.2690
5511.3700
10218.9710
65584.5180
37739.7850
5460.1930
145805.9470
2661.7080
4059.2860
77.4630
5020.1990
10736.7840
1848.8370
60262.7700
290.9150
321.8320
46719.1420
61.9390
1223.3870
10140.5700
8922.8920
288.0230
444.0330
55227.1430
3378.0780
6844.5970
10316.6370
596.8310
43192.1220
4013.1710
8653.0160
98953.5410
42164.9650
34382.0840
19205.0430
70078.2030
2971.9660
3249.3170
5182.3540
787.9410
19250.1950
131562.7720
9957.4640
3496.0160
445.4310
33181.0720
400.5160
19031.3350
85561.9760
46010.2340
21575.8420
1274.7270
6201.9430
627.9500
1406.5850
10300.2050
3968.7380
39.7410
7305.8430
17.5710
60.0570
107.7490
117.4890
123.4190
202.2390
721.1590
909.4660
11305.6520
1783.9830
215353.5930
794.0450
51512.7620
29266.9910
67.2770
40754.3880
11680.2830
10081.7850
11056.3700
2829.8120
2081.3040
2866.3740
6684.8490
112508.9940
33684.2080
58.2690
7481.0230
7040.7450
2979.9150
10300.8690
540.9850
86022.8370
229488.9940
113.4750
12046.6560
6728.2710
4446.9640
17413.5800
45992.0200
99.4260
5323.9930
4380.3260
1369.4290
9292.1690
279134.5050
18113.3610
5345.5410
17653.6710
907.4190
29178.0770
30.5960
11992.6560
48432.8630
35844.9090
106156.6920
1406631.7760
45350.1480
56215.2210
35027.3430
2985.0940
63298.5500
19364.8090
167885.6890
15331.4280
22102.8380
185.1130
33089.4610
12624.8400
26083.6600
53.8710
99.5090
13600.4640
12784.7260
20180.8390
6550.3890
2441.1620
1184.8170
2175.6990
60756.1350
3662.2440
19470.2340
120812.6980
1016.0970
27911.5480
216746.9340
16841.7950
37772.7560
2633.8740
72.3440
227.6790
95240.7920
111.5510
2331.5330
5797.8050
31154.8670
412.1900
5016.6780
10221.2470
8680.8370
4901.9810
21473.7640
11618.5110
27742.2980
32395.4500
13865.6910
6779.1000
2558.4820
567.6780
18584.0390
5305.1170
8306.4360
