iq
1.064.800
1.064.700
1.058.900
1.053.700
1.041.000
1.023.500
1.016.000
1.012.000
1.010.700
1.007.400
1.007.400
1.007.200
998.700
998.200
997.500
995.200
992.400
992.400
992.400
991.200
988.900
988.200
986.000
985.700
983.800
982.600
978.300
974.900
974.300
971.300
97
966.900
963.500
963.200
962.900
958.900
957.500
952.000
951.300
949.200
947.900
942.300
939.200
939.200
939.000
934.800
933.900
927.700
924.300
916.000
912.700
911.800
910.300
909.900
907.700
902.900
900.700
899.800
896.000
895.300
892.800
890.100
888.900
888.700
888.200
885.400
883.400
879.400
878.900
877.300
877.100
875.900
875.800
875.800
869.900
868.800
868.000
866.300
866.200
865.600
858.600
857.800
856.300
848.100
845.000
842.900
840.400
839.600
839.600
839.600
839.600
839.600
839.600
839.600
839.600
839.000
836.000
833.800
832.300
831.300
829.900
822.400
821.200
821.000
820.500
820.500
819.900
819.100
817.500
817.000
816.400
814.400
813.600
809.900
809.200
807.800
807.000
805.400
800.100
80
793.400
792.200
790.900
79
788.700
788.700
787.600
787.000
786.400
784.900
784.900
784.900
782.600
776.900
773.700
770.700
767.900
766.900
765.300
764.200
763.600
763.200
762.400
76
752.000
751.000
750.800
749.500
744.100
743.300
740.100
738.000
736.800
725.000
720.900
708.200
704.800
704.800
699.500
697.100
697.000
696.300
694.500
688.700
688.700
688.700
687.700
684.300
684.200
684.100
677.600
677.600
676.700
670.300
661.900
660.300
652.200
649.200
634.200
629.700
629.700
628.600
625.500
625.500
621.600
598.300
597.600
597.600
586.100
581.600
581.600
534.800
526.900
526.800
525.000
477.200
450.700
450.700
